14575
8995
11716
8751
14575
1430
21804
9578
11716
16748
11416
9578
8751
4508
1430
21406
16748
8751
4508
16748
11716
6288
12738
15615
15615
9593
16748
9578
21804
4508
14575
14575
11716
6288
4508
21804
8995
11416
12738
9593
6288
15615
4508
1430
21804
14575
12738
4508
21804
22210
21406
9578
4508
9593
22210
14575
6288
15615
4508
9593
9578
1430
12738
22210
22210
16748
4508
14575
9593
22210
9593
21804
6288
22210
6288
22210
21804
14575
8751
14575
21406
16748
12738
21804
1430
9578
11716
8751
1430
15615
6288
1430
11716
14575
1430
16748
16748
22210
16748
6288
8751
4508
22210
9593
8751
16748
8751
22210
11716
8751
16748
14575
21406
11416
12738
11716
15615
9593
14575
9578
8751
11416
6288
12738
6288
9578
22210
14575
27506
32399
32033
4577
22499
22193
15857
64
9
71
12
25
210
178
81
243
9
112
98
196
203
48
125
114
165
181
193
71
174
168
42
31
128
245
87
150
58
192
66
130
179
228
245
140
36
39
66
215
65
208
63
237
90
51
65
158
121
90
212
150
141
234
73
194
193
98
145
20
14
136
199
239
46
47
211
38
26
66
108
225
162
227
144
129
93
60
226
31
148
45
214
20
253
11
202
117
78
226
249
177
80
185
115
225
82
72
8
63
228
123
6
142
139
116
254
183
217
31
62
40
222
217
30
208
25
88
205
20
148
55
221
48
227
119
90
150
246
94
72
42
246
62
243
101
137
6
139
54
180
232
101
245
225
211
103
159
75
244
33
6
138
113
42
199
40
190
20
36
50
27
151
242
6
233
219
230
250
166
236
204
204
165
113
242
96
22
98
175
194
167
11
195
30
244
234
48
98
230
142
116
54
145
30
81
84
196
148
44
57
225
212
220
241
26
124
248
217
155
15
91
12
211
252
191
227
37
250
101
209
7
2
226
95
117
187
38
16
203
64
121
219
62
29
45
185
12
170
118
19
119
33
186
141
219
252
2
159
229
166
232
6
169
247
35
43
171
209
190
50
141
73
191
77
208
80
115
205
167
168
203
142
131
16
50
88
85
89
6
125
151
246
39
76
180
37
184
100
218
0
193
240
54
121
160
36
130
92
120
71
201
62
211
246
204
31
51
118
195
246
76
93
111
183
139
236
104
215
48
236
30
188
159
24
20
247
44
127
139
237
47
66
218
149
248
76
14
85
227
234
192
171
195
222
152
168
186
15
141
56
243
9
189
107
0
120
15
84
248
209
190
127
29
209
249
237
90
65
136
101
202
144
199
70
216
42
171
142
226
252
186
152
70
243
20
188
91
27
117
122
105
79
8
116
157
22
82
46
129
106
145
22
255
227
198
151
125
27
171
241
183
3
230
38
10
82
228
7
129
130
64
117
183
89
153
73
70
235
49
84
101
167
248
20
239
71
87
178
235
236
67
22
169
68
126
41
231
192
74
171
26
70
61
113
241
72
156
209
128
107
61
121
221
243
12
241
18
177
242
206
99
133
166
139
186
102
86
84
22
243
103
220
3
177
185
157
185
239
17
130
192
20
112
185
64
77
35
224
144
104
58
25
220
185
233
55
120
114
5
11
155
241
139
171
179
39
52
114
127
132
16
117
93
115
177
101
190
198
141
183
245
25
24
45
8
239
164
186
204
54
152
235
192
171
220
64
68
37
181
242
79
44
62
171
109
111
187
183
144
0
205
82
56
57
84
70
254
204
173
29
11
107
183
78
245
120
17
29
164
124
44
28
197
55
100
23
87
103
84
167
53
221
195
212
74
46
144
194
228
5
243
35
37
149
169
110
255
84
40
96
134
213
241
226
47
161
77
39
212
229
48
71
157
33
3
244
225
132
185
221
196
253
81
150
88
5
14
106
254
45
83
203
56
88
115
78
150
150
198
139
116
231
71
156
77
143
67
243
54
100
140
171
1
37
86
80
162
248
61
235
239
175
64
141
185
47
47
188
2
123
122
134
199
214
85
33
111
86
210
253
37
233
152
26
68
212
213
250
11
68
45
121
45
234
200
22
12
137
197
148
135
11
104
173
56
189
77
178
238
142
224
23
209
42
251
51
44
189
248
107
214
171
23
35
247
22
3
1
131
168
255
101
221
95
211
196
9
12
9
210
164
243
247
43
25
176
37
117
160
115
44
136
235
135
66
174
108
203
188
159
247
131
248
63
100
232
76
201
238
36
106
175
79
121
80
213
207
145
240
7
208
232
249
137
107
188
60
224
30
198
89
53
71
132
27
93
100
211
47
43
46
154
162
86
193
147
14
16
147
35
150
249
228
193
96
222
217
173
233
211
181
248
226
190
39
47
63
231
23
105
86
137
246
208
42
120
91
17
68
246
219
242
142
141
163
57
127
226
11
135
90
82
109
53
70
24
229
177
105
144
194
73
34
19
247
202
234
229
197
240
170
241
250
209
36
252
241
28
78
89
174
242
253
143
21
142
142
31
179
243
60
170
171
50
118
237
106
20
140
175
40
182
42
65
155
177
215
233
238
27
152
27
132
157
118
62
81
10
24
195
145
239
241
187
100
118
145
64
57
161
130
56
181
138
153
180
225
215
118
145
15
84
60
118
50
79
164
245
144
79
243
243
235
88
86
0
54
114
197
194
179
251
146
164
250
147
254
228
178
168
233
39
62
25
19
246
193
49
83
119
137
161
113
52
63
167
192
71
40
71
134
126
115
91
98
104
107
68
57
144
206
185
35
139
157
169
60
87
163
121
73
24
46
160
214
172
22
35
146
235
224
178
247
173
222
223
34
156
191
38
1
179
153
7
164
135
70
216
42
35
174
112
166
173
233
45
217
169
236
88
236
135
76
88
106
77
233
149
105
190
49
190
70
113
128
26
137
6
208
158
217
109
190
224
125
65
122
113
187
154
162
44
218
21
175
9
143
99
35
161
75
6
0
218
180
224
3
213
15
242
192
65
157
14
32
55
46
203
65
10
106
43
231
44
0
69
163
123
203
233
71
218
66
30
95
252
121
153
162
240
69
34
61
197
255
24
123
163
33
120
8
209
41
127
87
244
163
112
38
64
220
244
111
62
148
117
155
7
29
96
222
134
72
21
238
119
230
111
164
162
45
144
52
196
50
247
197
163
89
252
231
106
118
154
5
148
50
30
183
149
174
113
106
189
242
254
102
227
17
187
57
231
211
253
114
145
150
82
76
179
10
177
32
169
130
194
102
131
30
71
81
14
69
129
230
88
70
200
63
211
111
123
113
252
87
82
201
44
56
91
37
8
149
168
56
93
192
176
58
84
149
146
227
216
253
238
246
184
20
180
132
102
221
132
16
61
72
214
140
4
85
27
244
238
246
76
242
100
102
209
170
237
143
46
170
125
128
212
28
204
188
13
54
189
39
113
25
164
163
167
177
13
123
219
196
18
214
131
83
68
200
35
165
22
85
100
147
255
230
252
185
186
30
25
213
209
61
226
96
254
166
234
242
33
15
164
140
59
248
112
137
1
29
216
150
136
174
23
78
42
73
203
109
141
143
40
114
161
161
46
48
45
166
196
205
30
244
104
129
180
139
137
174
33
182
196
128
74
206
2
234
13
218
15
230
80
195
53
68
192
105
126
227
67
94
247
122
218
234
64
85
198
169
27
226
222
199
161
34
82
160
41
31
95
99
220
60
35
143
129
195
235
144
187
62
140
198
93
250
32
29
42
151
156
123
88
75
209
221
64
74
189
145
62
55
182
60
2
87
137
226
81
26
250
224
225
170
75
162
70
88
123
169
154
69
78
40
51
2
195
198
213
185
163
27
99
215
47
55
99
178
98
143
56
243
75
200
88
67
149
132
104
37
62
64
115
148
195
164
42
61
201
141
60
126
210
59
157
107
31
38
189
149
148
177
167
58
186
158
176
216
253
240
150
200
156
150
231
74
116
30
93
161
98
115
89
232
142
169
244
184
237
48
165
75
57
15
206
108
58
170
164
213
3
9
239
197
251
165
146
191
223
114
156
174
120
138
207
13
142
203
170
248
110
89
135
98
42
161
254
162
80
204
150
13
27
52
108
139
153
0
17
212
118
86
68
166
66
111
150
48
138
215
174
41
53
108
82
205
58
103
117
35
231
152
28
8
91
100
60
238
59
170
248
73
180
107
6
159
234
92
78
103
38
83
0
68
244
122
141
111
102
128
102
91
6
40
58
234
31
231
164
120
54
179
241
35
219
254
202
208
160
11
127
105
75
215
46
39
85
220
63
239
117
156
175
6
254
127
155
114
117
154
119
56
212
65
57
221
162
139
45
9
129
157
140
175
170
113
228
148
216
161
164
176
37
76
235
178
42
129
190
45
40
220
2
195
99
86
203
21
216
46
152
248
251
187
233
5
168
22
78
109
103
174
165
202
17
173
59
115
141
184
67
27
29
255
61
82
36
32
214
236
114
212
234
59
67
66
73
159
126
179
231
34
68
39
7
98
41
10
41
244
64
82
43
72
204
219
174
179
113
147
110
24
1
212
216
109
91
135
57
178
166
34
70
189
27
29
169
79
17
107
9
26
71
198
111
234
180
194
240
35
52
177
64
108
149
21
162
166
28
57
122
17
118
128
90
76
169
154
250
29
88
105
80
85
80
206
7
68
109
163
122
199
7
142
148
135
174
250
252
211
9
79
72
52
116
149
93
177
186
209
44
102
176
39
56
71
26
188
225
220
217
174
106
49
113
165
40
255
48
72
3
218
31
143
40
100
24
61
99
212
239
102
182
154
206
243
60
151
82
115
103
185
250
175
13
235
124
2
196
32
39
159
11
120
175
134
185
199
14
111
252
14
237
253
253
12
185
157
50
196
29
24
39
125
224
34
45
148
147
201
112
79
183
40
162
29
64
175
255
82
111
18
203
101
98
62
103
11
128
126
119
154
221
0
6
92
83
46
4
9
243
45
180
10
47
41
8
217
252
176
9
247
110
123
211
41
67
214
152
97
97
138
72
250
178
234
109
55
65
114
216
229
220
248
31
207
176
249
49
39
54
154
187
26
79
199
14
91
207
165
223
105
154
252
60
232
224
187
254
50
197
245
120
140
131
160
226
35
67
233
40
21
168
225
119
114
75
232
64
179
186
82
116
29
53
153
255
192
4
120
209
63
16
168
160
210
244
102
224
210
124
93
12
204
9
217
120
105
127
161
11
136
86
65
110
138
174
206
117
204
231
169
89
30
32
79
148
112
153
148
166
140
59
29
102
202
99
220
180
171
170
5
117
188
106
2
4
126
126
63
194
168
82
252
52
71
225
255
212
179
172
223
163
232
168
43
58
89
141
103
164
73
35
98
210
138
219
35
123
162
23
177
144
27
162
201
122
107
160
78
112
181
215
64
185
112
152
92
225
38
33
101
236
128
30
69
140
162
150
152
237
173
1
78
3
146
107
120
223
75
13
191
39
98
220
174
199
164
53
233
5
146
62
72
139
28
117
250
138
72
247
221
147
87
248
111
194
216
133
142
92
221
147
216
61
141
231
13
94
46
161
169
30
201
180
190
236
159
67
115
214
141
204
250
17
27
104
87
136
137
77
64
228
74
45
31
55
120
122
154
86
236
191
69
134
73
135
8
159
239
121
209
31
160
54
80
95
156
222
87
202
61
211
179
40
220
190
193
229
44
235
216
166
149
78
179
250
90
187
159
206
31
12
173
245
93
242
142
96
36
84
223
203
87
19
113
252
41
30
157
152
134
127
29
192
205
189
34
123
141
209
183
124
15
159
36
59
26
172
92
102
12
167
4
148
184
149
106
185
235
100
81
69
7
177
92
133
226
230
20
75
219
138
103
143
202
4
87
150
40
230
188
130
156
100
91
30
18
146
44
235
113
10
226
11
89
31
51
193
116
10
185
77
244
42
95
163
111
109
193
240
0
216
161
201
192
251
57
1
156
7
118
179
152
241
109
235
247
71
203
17
240
121
6
193
144
141
179
35
180
1
217
252
135
46
164
63
39
133
54
111
144
157
110
241
242
252
25
112
233
42
233
32
38
152
211
37
12
178
175
186
118
228
74
230
204
73
126
137
100
159
65
5
52
74
114
54
115
111
222
206
127
148
70
2
78
214
119
12
212
243
136
180
192
63
130
124
41
57
142
143
24
14
36
245
116
26
198
23
88
122
255
94
50
124
108
203
138
168
251
24
192
79
132
142
247
12
148
123
181
19
74
214
145
157
12
1
186
192
187
215
89
127
227
103
67
57
76
152
188
25
74
109
205
80
241
105
254
119
215
146
99
170
220
255
195
6
243
158
143
183
200
0
146
124
73
168
218
17
227
172
165
57
102
149
188
115
100
87
198
247
113
71
79
157
10
68
5
103
95
183
57
5
64
195
68
28
188
41
53
221
16
193
133
150
111
193
54
95
99
96
126
166
130
116
99
59
63
141
220
2
19
65
93
157
244
121
159
45
160
204
4
64
120
100
93
85
110
226
130
173
115
138
212
126
224
0
161
162
190
225
126
241
99
121
57
210
20
159
18
78
254
219
132
114
181
189
20
85
216
116
121
35
150
182
205
111
122
115
212
69
250
11
84
234
18
81
58
64
160
83
11
42
129
177
169
247
217
60
61
187
213
191
35
21
224
209
9
244
155
189
252
68
29
34
202
78
100
160
140
26
35
168
152
152
207
180
254
122
122
160
47
55
95
21
111
248
22
119
226
106
89
104
117
139
73
232
187
11
183
121
206
200
12
0
163
182
170
84
129
91
217
182
203
176
69
243
101
1
250
82
200
251
166
238
145
142
97
111
10
194
216
152
152
26
15
164
141
24
118
188
137
203
158
87
214
214
88
255
209
189
218
138
201
185
119
231
103
110
186
4
168
212
55
0
101
252
236
183
80
214
190
88
48
201
123
79
8
138
79
180
94
133
8
20
146
18
15
84
243
214
138
162
135
145
41
229
133
60
23
40
232
179
236
169
205
72
27
192
198
182
132
107
56
107
168
132
171
26
140
10
211
201
32
183
129
87
246
177
137
12
231
63
114
21
10
23
7
150
6
73
124
220
54
103
203
191
163
209
47
25
106
75
42
117
188
241
126
208
122
183
78
248
13
14
113
236
25
136
121
26
16
228
192
143
175
206
133
87
61
233
154
102
67
7
232
96
213
227
164
115
93
202
205
62
132
141
216
189
247
218
147
96
147
204
44
57
78
74
167
243
60
194
177
239
142
200
164
217
81
30
111
208
156
194
79
239
19
6
148
10
17
13
98
20
82
212
159
106
117
35
97
193
29
86
110
137
198
84
91
153
16
145
211
217
85
122
118
173
22
173
111
224
148
86
235
111
215
13
79
131
237
61
61
13
189
230
47
232
60
162
12
152
226
44
32
166
111
150
166
174
16
136
103
187
183
47
82
181
14
251
71
156
74
0
228
187
154
171
228
20
215
236
136
56
12
1
171
91
95
71
254
234
65
63
97
123
46
29
76
182
182
81
37
44
15
170
186
157
194
132
162
20
235
83
160
56
194
169
179
156
144
123
254
150
42
155
108
237
51
25
22
184
224
140
27
197
63
201
55
219
105
197
238
251
19
188
180
191
105
62
147
52
235
161
23
175
142
189
239
160
241
42
137
70
65
227
131
189
9
2
245
27
145
127
79
10
73
28
118
16
5
104
142
30
213
20
183
223
21
39
131
197
44
19
238
69
41
61
29
118
188
78
190
71
100
71
153
16
158
12
181
233
99
0
72
83
67
162
65
71
165
170
6
252
135
104
248
4
91
237
96
159
106
195
196
209
239
20
109
74
144
77
147
35
120
190
33
14
86
70
226
132
251
183
249
249
239
44
111
171
152
226
73
228
228
215
183
41
77
60
158
133
132
10
184
109
84
40
77
83
204
238
209
254
90
87
253
199
11
56
29
230
138
6
132
50
200
128
58
213
168
35
44
108
147
163
177
191
121
206
201
118
241
192
235
13
183
161
174
68
206
229
237
139
230
102
91
188
13
126
43
1
91
177
66
58
48
198
31
229
19
54
251
206
30
150
86
47
108
129
3
90
161
212
2
64
228
250
218
95
223
62
139
11
77
251
23
96
134
110
90
67
246
54
24
128
112
143
185
2
42
47
187
113
243
103
211
181
91
230
31
139
135
153
31
66
162
186
183
204
211
64
146
71
136
111
220
192
134
5
108
135
16
222
177
50
145
112
123
228
174
232
66
254
70
153
50
65
65
11
76
252
76
99
216
211
202
68
17
152
174
197
156
71
156
49
207
230
97
64
34
159
177
245
155
198
193
18
9
178
30
233
189
203
135
127
198
211
64
84
184
100
240
184
28
150
84
88
46
230
130
228
47
154
105
178
8
161
209
146
235
158
21
240
27
4
39
162
164
225
109
28
16
49
9
4
95
48
138
83
177
217
131
149
101
207
18
183
126
151
240
26
116
113
213
250
58
112
84
208
148
66
122
197
135
184
224
16
135
34
217
222
197
216
42
222
53
206
100
113
68
180
163
254
118
73
229
255
245
234
3
26
113
169
83
76
133
179
92
84
246
72
93
114
42
78
228
243
87
200
238
14
208
131
250
54
60
166
219
86
182
82
214
152
137
121
187
225
220
82
26
191
51
167
65
12
196
96
187
5
205
198
77
224
70
65
223
226
25
113
254
232
83
184
33
176
139
201
105
235
96
172
56
150
90
76
139
123
241
86
131
160
67
65
126
32
180
19
237
1
75
171
74
92
19
129
10
48
138
62
224
151
200
41
210
239
198
239
218
199
47
28
74
181
42
9
192
201
119
49
171
166
49
83
167
6
136
12
49
137
13
255
207
241
79
224
245
56
17
245
151
113
202
240
212
200
141
208
144
148
218
4
131
170
73
68
131
100
172
80
42
126
28
61
163
219
177
229
251
25
178
1
57
190
1
244
71
45
254
159
188
205
222
43
90
228
8
147
90
20
177
110
94
46
225
226
50
134
122
132
179
242
26
65
121
201
195
218
222
85
153
67
121
95
225
223
244
172
179
238
91
149
215
81
218
160
129
140
189
34
138
235
219
101
199
164
117
42
190
171
37
191
135
175
35
12
244
247
205
7
126
165
110
80
52
80
147
201
191
255
252
64
15
193
130
162
149
23
4
97
123
181
141
137
29
42
160
56
82
246
52
218
105
223
50
79
35
251
147
231
203
24
111
68
213
203
207
77
170
200
201
61
76
234
109
18
59
17
28
161
72
81
87
155
33
133
213
37
201
156
32
226
93
185
131
233
169
57
3
117
62
238
152
220
180
82
162
151
195
122
243
126
53
27
163
51
204
161
16
105
9
246
46
237
113
165
28
253
89
127
177
13
126
209
162
109
158
101
203
49
239
154
155
121
132
206
202
19
69
237
125
98
127
202
93
62
73
27
62
180
74
191
244
74
137
42
196
32
68
15
197
98
132
97
13
28
133
113
138
201
120
122
32
56
67
206
68
145
247
164
222
69
171
184
165
181
191
4
183
216
26
241
0
177
136
67
222
87
20
60
180
99
105
51
96
65
206
88
76
44
50
90
255
21
183
131
105
0
155
49
124
120
133
84
35
85
93
108
62
48
181
217
181
86
165
247
222
245
191
179
54
242
20
27
17
7
53
202
95
125
220
178
26
250
192
173
84
210
86
124
8
16
240
113
44
120
100
13
195
63
195
251
185
3
31
2
33
195
88
128
146
62
177
149
37
251
38
209
24
55
3
52
207
49
192
126
17
33
139
16
236
132
209
206
150
245
214
135
230
129
11
227
168
42
132
14
187
47
4
215
93
120
242
185
120
160
59
179
200
161
238
99
123
108
189
27
23
84
179
178
12
96
147
13
190
254
240
62
157
25
169
49
223
137
202
